# Created by Octave 4.0.0, Sat Dec 22 22:57:10 2018 IST <inbanerj@blr-lv046>
# name: v
# type: matrix
# rows: 1
# columns: 3
 12 23 56


